"baseMean" "log2FoldChange" "lfcSE" "stat" "pvalue" "padj"
"hsa-let-7a-1" 26609.4748721218 -0.0558467404112471 0.103937109679501 -0.537312809481189 0.591051558738925 0.806099335690811
"hsa-let-7a-2" 26537.6532608379 -0.0553714901718086 0.104033103283725 -0.532248759520285 0.594553716183663 0.80743724470765
"hsa-let-7a-3" 26725.8247219378 -0.0523175231139022 0.103581002891875 -0.505088014725198 0.613497018999527 0.81685341929532
"hsa-let-7b" 54387.8332865166 0.00126858994009083 0.119544661715297 0.0106118493447416 0.991533128157536 0.996768012178032
"hsa-let-7c" 5503.52099606189 0.17735157871446 0.177612305320364 0.998532046496248 0.31802143282814 0.641625968093085
"hsa-let-7d" 2173.78965096673 0.00399022656350917 0.0814476035766219 0.0489913317063449 0.960926203942262 0.983996326943699
"hsa-let-7e" 2688.66004552655 -0.0705251518771184 0.130044016947373 -0.542317543956357 0.587599771784445 0.806099335690811
"hsa-let-7f-1" 10833.5614646262 -0.0276508766394554 0.132235260815449 -0.20910365714063 0.8343673198281 0.951116478386136
"hsa-let-7f-2" 10971.8478931744 -0.0300106319845439 0.132639316705818 -0.226257438064949 0.821001199536963 0.944209366604353
"hsa-let-7g" 1627.84975130211 0.0706974691173391 0.0658691614565733 1.07330148971077 0.283135867029105 0.609140897023885
"hsa-let-7i" 2021.88897020456 0.0530029046517643 0.0753875651797145 0.703072244413412 0.482010728263395 0.736271387422335
"hsa-mir-1-1" 14.5466066975456 -0.675538003789641 0.260344896481306 -2.59478104975316 0.00946511935398291 0.126724157636679
"hsa-mir-1-2" 15.9315261293282 -0.568930292801992 0.257326166904841 -2.21093058527694 0.0270406443027625 0.208168986315805
"hsa-mir-100" 18104.4856936575 -0.523063370526901 0.169495668606444 -3.08599844956165 0.00202869880010184 0.0742046059921062
"hsa-mir-101-1" 21616.8712162889 -0.268948387959074 0.155299651486166 -1.73180290738149 0.0833086603329189 0.321157183351625
"hsa-mir-101-2" 21724.2940407167 -0.266677127091788 0.15536190965811 -1.71648976044797 0.0860724404957618 0.326752253992214
"hsa-mir-103a-1" 35732.5313727351 -0.0840278725342965 0.100874261114871 -0.83299616379454 0.404846892827436 0.692541482266505
"hsa-mir-103a-2" 35796.9867381285 -0.0829888620966865 0.100556457559088 -0.825296197888851 0.409203449893779 0.692585340401936
"hsa-mir-105-1" 197.754833885294 0.349766936453549 0.462154762799304 0.756817768868128 0.449159045848107 0.714756946502697
"hsa-mir-105-2" 196.785562219782 0.311369982358469 0.458489893530625 0.679120710733117 0.497061380806093 0.747000339810764
"hsa-mir-106a" 99.2575818682545 -0.177172528756833 0.200894503588562 -0.881918248593241 0.377821017919932 0.678966593967878
"hsa-mir-106b" 2628.14342160716 0.146046121720281 0.104094600152423 1.40301342727125 0.160612834990033 0.448102475702786
"hsa-mir-107" 249.393097992365 -0.0687504164793515 0.0853571966570892 -0.805443702135004 0.420563681436923 0.697797029966334
"hsa-mir-10a" 83055.6328722242 0.0668606143748545 0.134645404511112 0.496568112499796 0.619493644363718 0.817517530683006
"hsa-mir-10b" 39912.3646104846 1.27491188897413 0.199768746441519 6.38193867501368 1.74859992020723e-10 1.06839455124662e-07
"hsa-mir-1180" 105.910491588003 0.0328549435256195 0.175034330916762 0.18770571095132 0.851107353158353 0.955931236727489
"hsa-mir-1185-1" 1.12006629263805 -0.245460015953814 0.392066883953417 -0.626066689128935 0.531271200071598 0.762100575421835
"hsa-mir-122" 1.97340466187716 -2.79808052689909 0.958179154796816 -2.92020601042238 0.00349800065088817 0.089053266570528
"hsa-mir-1224" 6.88799380719026 -0.131641169232998 0.3791122847968 -0.347235303397136 0.72841455061084 0.888090263648939
"hsa-mir-1226" 5.15872096849987 0.274271417848233 0.178959029154983 1.53259334912187 0.125376081232937 0.392845054529868
"hsa-mir-1228" 4.5213809116107 0.113124525929649 0.167256140412507 0.676354994505122 0.498815284194422 0.747000339810764
"hsa-mir-1229" 2.41656778877252 0.547628495233331 0.238895037332918 2.29233935265959 0.0218860686796379 0.19665276416557
"hsa-mir-1245a" 7.0566909692629 -0.0634589216991229 0.184663231082735 -0.343646763500479 0.731111951907392 0.888090263648939
"hsa-mir-1246" 1.33873298985486 -0.993397462057975 0.532684256249611 -1.8648898487296 0.0621968456280801 0.30558016730324
"hsa-mir-1247" 101.449185121955 -0.187409929448424 0.250497265385349 -0.748151598222537 0.454368722052732 0.715390674664471
"hsa-mir-1248" 26.4429064269511 -0.71262912795923 0.269723266927597 -2.64207510192484 0.00823997822462223 0.126724157636679
"hsa-mir-1249" 7.84973560151127 -0.14466905822275 0.168875123917438 -0.856662928599707 0.391631196744702 0.681728379518555
"hsa-mir-1251" 1.36805232481042 -0.785092065947817 0.509065401438877 -1.54222240153966 0.123019558180576 0.389763121877042
"hsa-mir-1254-1" 1.94426196189703 -0.206231834571228 0.256410466460743 -0.80430349594486 0.421221719164644 0.697797029966334
"hsa-mir-1254-2" 1.85147097946599 0.296763094768616 0.258154670225963 1.14955539835425 0.250327037297914 0.577169131279341
"hsa-mir-1255a" 1.64862732232656 0.348006029921114 0.239391617207534 1.45371017573861 0.146026675800991 0.424868090068598
"hsa-mir-1258" 2.81717608359434 -0.0549358309805655 0.309980882917922 -0.177223287008675 0.859333004788811 0.957612404869129
"hsa-mir-125a" 1912.38356092604 -0.103272587420862 0.102980030498877 -1.00284090925754 0.315937627006564 0.641625968093085
"hsa-mir-125b-1" 952.930382037322 -0.193500589046111 0.12244924495103 -1.58025138598034 0.114049308104738 0.382142375672065
"hsa-mir-125b-2" 1019.16841832891 -0.169477033738392 0.124356054946229 -1.36283700710571 0.172933885106251 0.469611572444087
"hsa-mir-126" 13016.3688427837 -0.231475288310237 0.152011468669709 -1.52274884478084 0.127821552636823 0.396441465284767
"hsa-mir-1262" 4.45569018404882 -0.341079424887478 0.202704817030743 -1.68264094501389 0.0924446202772636 0.336151294194569
"hsa-mir-1266" 30.5546369893917 0.454675799923879 0.216920161446435 2.09605136236336 0.036077634910804 0.244318723637256
"hsa-mir-1269a" 1376.93561733666 0.461638120624047 0.397979145026169 1.1599555564493 0.246066901439758 0.573279529501399
"hsa-mir-1269b" 180.58353680522 -0.49709454100447 0.638373884022664 -0.778688717452016 0.436163103899511 0.705286441887654
"hsa-mir-127" 2702.59253250614 -0.365271304625556 0.176754582973469 -2.06654502803123 0.0387770453074738 0.248319749829775
"hsa-mir-1270" 5.62706718399199 -0.224559406231176 0.297514904116876 -0.754783720492066 0.45037876334458 0.714756946502697
"hsa-mir-1271" 16.004232736934 0.211886151917564 0.143868581878935 1.47277570370344 0.140811525730861 0.417649719522118
"hsa-mir-1277" 6.21917404574957 0.245974322483678 0.189175585251539 1.30024348626498 0.193517530581416 0.498899625254199
"hsa-mir-128-1" 414.321512875189 -0.00492208988155811 0.122279659473394 -0.0402527280723175 0.967891640741674 0.983996326943699
"hsa-mir-128-2" 308.013738793047 0.0534105582002884 0.12745550596221 0.419052576795893 0.675177707977217 0.848834525872592
"hsa-mir-1284" 1.15525875694032 -0.0335143894711552 0.258686607572784 -0.129555951062235 0.896917755391535 0.970194660026667
"hsa-mir-1287" 115.225061656166 -0.0223375598123191 0.128510631446506 -0.17381876939588 0.86200789309005 0.957612404869129
"hsa-mir-1288" 2.17385698277489 0.136096058624469 0.192256633658911 0.707887452486667 0.47901515232911 0.733529468854853
"hsa-mir-129-1" 29.4448711107981 -1.33795529847581 0.327450507438599 -4.0859771723722 4.38916938305334e-05 0.0041322933184841
"hsa-mir-129-2" 30.574221442161 -1.40251008348379 0.322686024413423 -4.3463614082242 1.38414438914982e-05 0.00169142444354108
"hsa-mir-1291" 3.68571536858066 -0.0521537812003044 0.235554875502419 -0.221408200908874 0.824774607478034 0.9454733305236
"hsa-mir-1292" 2.2729696926322 -0.0861204361594799 0.209554508587863 -0.410969139914119 0.68109516338171 0.852787231336449
"hsa-mir-1293" 13.7485928436854 0.440261452785471 0.354699645973158 1.24122326532795 0.214523282513905 0.524942947572275
"hsa-mir-1295a" 6.00155475507103 0.281067170669539 0.228701982147453 1.22896692031433 0.219084208888593 0.524942947572275
"hsa-mir-1295b" 3.19417637300612 -1.44292262334245 0.507684169156131 -2.84216587990299 0.0044808170912236 0.0977778300977721
"hsa-mir-1296" 24.8328610288568 -0.118718749389978 0.15819796816018 -0.750444210950751 0.452987212233585 0.715390674664471
"hsa-mir-1301" 66.678641287427 0.130450498121391 0.145596394164098 0.895973412462144 0.370266963417998 0.675654889829726
"hsa-mir-1304" 3.56377402830739 -0.704075543785526 0.340123107640225 -2.07006089257035 0.0384466425131783 0.248319749829775
"hsa-mir-1305" 1.29982900810181 -0.335084847262743 0.387480175358468 -0.864779332136792 0.38715991708149 0.681606762292581
"hsa-mir-1306" 46.0631409772906 0.307082350696878 0.146432078883189 2.09709752834857 0.0359849427487324 0.244318723637256
"hsa-mir-1307" 6167.15460554538 0.192670638576726 0.115811894828931 1.66365155203898 0.0961820833443327 0.343727679913905
"hsa-mir-130a" 340.025206018827 -0.14196044189938 0.105602704803328 -1.34428793432672 0.178855295711076 0.477207797726933
"hsa-mir-130b" 178.949427711788 -0.0292977124802732 0.151901541114314 -0.19287304306034 0.847058397143237 0.955931236727489
"hsa-mir-132" 340.639908843635 -0.177623992759425 0.101904599335687 -1.7430419619659 0.0813262852896431 0.321157183351625
"hsa-mir-133a-1" 12.6841400116366 -0.559027856947278 0.274981904087237 -2.03296234638745 0.0420563272996983 0.251925646863879
"hsa-mir-133a-2" 10.9725472447552 -0.49875483485531 0.270307192828155 -1.84514081788563 0.0650170568730297 0.30558016730324
"hsa-mir-133b" 3.97655954014034 -0.70445622471798 0.362516932583105 -1.94323674675937 0.0519875600758643 0.291116617407107
"hsa-mir-134" 1241.13909071285 -0.371668702810816 0.212468506151669 -1.74928844534494 0.0802411722500528 0.321157183351625
"hsa-mir-1343" 3.57488915610056 0.154974295369858 0.208575924988437 0.743011425592142 0.457474763061049 0.715390674664471
"hsa-mir-135a-1" 2.34064192556534 -0.649647564337506 0.419020809892069 -1.55039451263731 0.121046854817193 0.389763121877042
"hsa-mir-135a-2" 2.55193057079888 -0.479316417123712 0.440870629491461 -1.08720423875049 0.276946557961611 0.60614257571465
"hsa-mir-135b" 157.082391410457 -0.0432292217621055 0.228258179150379 -0.189387394234953 0.84978920363237 0.955931236727489
"hsa-mir-136" 139.566022531241 -0.269044969931287 0.179053849351832 -1.50259249329304 0.132944160336484 0.40412379087359
"hsa-mir-137" 7.81692326669879 -0.4254139349366 0.464273630478608 -0.916300015786059 0.359509559743545 0.670127634456289
"hsa-mir-138-1" 10.4902695970562 0.0390657848696439 0.218148449461904 0.179078902307147 0.857875747731945 0.957612404869129
"hsa-mir-138-2" 7.37375457424046 -0.00657014568320427 0.21779319952554 -0.0301669000571058 0.975933946438523 0.987244439195261
"hsa-mir-139" 153.572438930792 -0.423687822095571 0.202002557102594 -2.09743791451306 0.0359548277463047 0.244318723637256
"hsa-mir-140" 3363.83662720059 -0.267352526191912 0.152900484961777 -1.74853942588048 0.0803706648438613 0.321157183351625
"hsa-mir-141" 7373.05198540767 0.263220931509633 0.142452953405254 1.84777447723962 0.0646349745964986 0.30558016730324
"hsa-mir-142" 14047.7303835525 -0.110570741688891 0.165756639899732 -0.667066741674882 0.504729502858 0.74851875302485
"hsa-mir-143" 216171.677021315 -0.283229580771252 0.159917791684379 -1.77109487185921 0.0765449266466831 0.321157183351625
"hsa-mir-144" 681.642949806055 0.173034229702978 0.268170013896416 0.645240782848357 0.518771161065522 0.758299472275201
"hsa-mir-145" 5336.34854613493 -0.256314769773833 0.130733914684486 -1.96058360519858 0.0499276164207957 0.282460866973205
"hsa-mir-1468" 17.8689798618644 -0.0259511221654959 0.164419654068671 -0.15783467197089 0.874587076797629 0.961101985473654
"hsa-mir-146a" 538.837748658629 -0.207847598363637 0.1490530185932 -1.39445413669147 0.163180509889609 0.449401678694963
"hsa-mir-146b" 4108.92950613265 -0.345327520251978 0.136057565606655 -2.53809862547685 0.0111456569734127 0.130379396899989
"hsa-mir-147b" 5.709648923696 0.0190749882584917 0.268121589371644 0.0711430523114338 0.943283904165819 0.975205525288182
"hsa-mir-148a" 190677.098143669 0.0340410153417494 0.146182152523871 0.232867109657527 0.815864599067558 0.944209366604353
"hsa-mir-148b" 673.282869260811 -0.105252556101024 0.120698298825024 -0.872030153909694 0.383191927672472 0.681401559682102
"hsa-mir-149" 682.927298680642 0.399936535232751 0.208002231470229 1.92275117630165 0.0545113063781295 0.294908048680914
"hsa-mir-150" 3085.38251340485 -0.350963886368416 0.187216135367467 -1.87464550360227 0.0608415087149797 0.30558016730324
"hsa-mir-151a" 9023.99880450043 -0.0397009424486376 0.0918771893738304 -0.432108804363857 0.665662335967123 0.847139077349251
"hsa-mir-151b" 4.42932814708705 -0.284925614251303 0.175673214856916 -1.62190698498557 0.104823265719031 0.363519126741412
"hsa-mir-152" 1387.76322138312 -0.136358647335368 0.134377910063525 -1.01474005118033 0.31022975700139 0.639040727051084
"hsa-mir-153-1" 2.35379452015352 0.390939094677553 0.232327256954797 1.6827086920482 0.0924314982530001 0.336151294194569
"hsa-mir-153-2" 45.5774826764244 0.0604521640830456 0.196647391061458 0.307414015292746 0.758528261686073 0.912324346240533
"hsa-mir-1537" 1.42513532154715 0.103333646749055 0.251453999542251 0.410944534336955 0.68111320604286 0.852787231336449
"hsa-mir-154" 29.4938022802979 -0.486149063587228 0.213311302314047 -2.27905909491611 0.0226635526684374 0.200687401165438
"hsa-mir-155" 1831.8454459054 -0.0167009790440338 0.146786812618276 -0.11377710808031 0.909414485838426 0.972302441884232
"hsa-mir-15a" 522.124466122206 -0.0802632489525376 0.0953843652854362 -0.841471751815417 0.400083703664622 0.690297241116958
"hsa-mir-15b" 1027.72255756194 0.0245185456086535 0.100132775301092 0.24486034203015 0.806564569512935 0.939674597784655
"hsa-mir-16-1" 1206.22991173211 -0.0336507201736678 0.128216379329889 -0.262452584837757 0.792972536184603 0.930415058887052
"hsa-mir-16-2" 1238.99877234758 -0.0178828179320102 0.127952832151837 -0.139761016862755 0.888848814953982 0.968068851937402
"hsa-mir-17" 3497.01167493981 -0.0741229132167264 0.119815227742077 -0.618643511459901 0.536151230855497 0.762100575421835
"hsa-mir-181a-1" 4292.20506307341 -0.277200422982836 0.140401407727 -1.97434219122525 0.048342846508949 0.278985017158917
"hsa-mir-181a-2" 6734.64283722817 -0.10644675418796 0.122037770890415 -0.872244333957439 0.383075098364112 0.681401559682102
"hsa-mir-181b-1" 775.907158831835 -0.134289455950867 0.129293017751022 -1.03864430026273 0.298970194675648 0.627734669920346
"hsa-mir-181b-2" 721.478026440434 -0.144546017182838 0.140479045114419 -1.02895073827636 0.303502824079485 0.632901793558244
"hsa-mir-181c" 346.165316760944 -0.0599852869339001 0.135502419223247 -0.442687940759723 0.65799146621861 0.844039966864729
"hsa-mir-181d" 71.9055464477465 -0.036944222252518 0.164334905237341 -0.224810561086589 0.822126649809355 0.944209366604353
"hsa-mir-182" 86935.4085845072 0.138439966589652 0.16989313519699 0.814864982208561 0.415149599552695 0.696858256392024
"hsa-mir-183" 50560.2103591046 0.196954996923134 0.180492208864395 1.0912105190707 0.275180260325687 0.60614257571465
"hsa-mir-184" 49.6189414485176 -1.95060043897743 0.379615922719566 -5.13835253538193 2.77157563066375e-07 5.64477570111851e-05
"hsa-mir-185" 348.649501087491 -0.0763144812235714 0.0930716902246616 -0.819953747905075 0.412242474729051 0.693884716417218
"hsa-mir-186" 1003.93071646017 0.000228297763658805 0.0925983242372544 0.00246546323099609 0.998032846945654 0.998461906767039
"hsa-mir-187" 139.611017799601 -0.0748226169660619 0.280483946974825 -0.266762564392955 0.789651979304575 0.930415058887052
"hsa-mir-188" 14.259703537051 0.218650552084478 0.144943395387331 1.50852373438734 0.131420536852601 0.401489740084695
"hsa-mir-18a" 92.1254752971802 0.13858625332281 0.151266526836199 0.916172640579503 0.359576352942004 0.670127634456289
"hsa-mir-18b" 3.41966912732799 0.25365623749808 0.235246709472994 1.07825626154911 0.280919410342641 0.606507984874041
"hsa-mir-190a" 12.1092370498556 -0.0578393053235311 0.153753684327973 -0.376181589249944 0.706781901554805 0.868900889034177
"hsa-mir-190b" 2.41760273797249 -0.0777609087926878 0.26771995600259 -0.290456154086382 0.771467289526082 0.920637722461789
"hsa-mir-191" 1503.1159642846 0.277723838848983 0.0969174691098507 2.86557048383298 0.00416258596333876 0.0956217231342933
"hsa-mir-1910" 3.77706155305782 0.336180795050363 0.287701555855392 1.16850530769927 0.242602999543428 0.570117048927057
"hsa-mir-1911" 24.0426379074287 -1.46898702118211 0.491726643628812 -2.98740578777951 0.00281355998049864 0.0818611975278414
"hsa-mir-192" 1796.01750537965 -0.379068902609776 0.168884301123347 -2.24454789514697 0.0247971709258126 0.202014285808953
"hsa-mir-193a" 712.625287666676 -0.172449583156138 0.134704159067966 -1.28020978972985 0.200471363845111 0.512502105896916
"hsa-mir-193b" 391.930505094546 0.338672819099763 0.181044063183831 1.87066514716849 0.0613915085448231 0.30558016730324
"hsa-mir-194-1" 291.128707924165 -0.312096924125732 0.139018548462723 -2.24500203445456 0.0247680019592067 0.202014285808953
"hsa-mir-194-2" 325.431504441327 -0.336272874819128 0.136734878038385 -2.45930577218732 0.013920599868322 0.146292940817585
"hsa-mir-195" 115.752573013882 -0.15783622421902 0.144638374986586 -1.09124721730079 0.27516411635007 0.60614257571465
"hsa-mir-196a-1" 161.533317701104 0.485778456621527 0.352100377664962 1.37965900475053 0.167691660803821 0.457408949781851
"hsa-mir-196a-2" 178.045472697544 0.483853190554237 0.347676646222254 1.3916758453915 0.164020579949225 0.449401678694963
"hsa-mir-196b" 1539.25649668737 0.251334928147075 0.252869451308414 0.993931559730133 0.320256188391749 0.643672799695259
"hsa-mir-197" 1280.97433313151 -0.0938693342919637 0.0992593357053002 -0.945697788776873 0.344302750658452 0.66102269863741
"hsa-mir-1976" 39.6496152519865 -0.199870952361078 0.143161999388845 -1.39611735805816 0.162679157522578 0.449401678694963
"hsa-mir-199a-1" 5313.85497921238 -0.0598609813241576 0.126896820549231 -0.471729560008431 0.637119835011803 0.831795340154298
"hsa-mir-199a-2" 8861.96237076827 -0.0582982419800034 0.129247529216975 -0.451058850665802 0.651947134155637 0.839686812273919
"hsa-mir-199b" 11362.8680816075 -0.0606859957679387 0.132330081826962 -0.458595618850241 0.646524583362267 0.836920594140562
"hsa-mir-19a" 147.217754679825 -0.0794127291693808 0.159641662181709 -0.497443637732805 0.618876239385075 0.817517530683006
"hsa-mir-19b-1" 308.252562339395 -0.000239953628678137 0.124475664381544 -0.00192771518730464 0.998461906767039 0.998461906767039
"hsa-mir-19b-2" 268.853816581555 0.0180006432729679 0.128227617785617 0.140380392179344 0.888359449212853 0.968068851937402
"hsa-mir-200a" 3394.28712557147 0.273145542701746 0.148869198513827 1.83480226553632 0.0665349928291744 0.308572807971829
"hsa-mir-200b" 2490.34801168768 0.191271884063767 0.144234304166922 1.32611922779763 0.18480020816893 0.482533876885538
"hsa-mir-200c" 38597.8746042761 0.16920483282529 0.125654030676868 1.34659295777322 0.178111363469763 0.477207797726933
"hsa-mir-203a" 121486.886148212 0.635584343803732 0.241925628352089 2.62718897593904 0.00860935065414262 0.126724157636679
"hsa-mir-203b" 544.650941139013 0.912414790493854 0.224270081610882 4.06837498760503 4.73421493116017e-05 0.0041322933184841
"hsa-mir-204" 75.3264983158661 -1.21389879405606 0.352740559547118 -3.44133602218746 0.000578849201240757 0.0321524419961911
"hsa-mir-205" 43452.1318479627 0.187262901715946 0.252878932279429 0.740523933836537 0.458982144142314 0.715390674664471
"hsa-mir-206" 1.82921504640503 -1.4115138208224 0.602800645198735 -2.34159308233163 0.0192016371918022 0.180667995958431
"hsa-mir-20a" 1536.42393787286 -0.202200013013947 0.153477851738558 -1.31745402169419 0.187686483195771 0.485917123867017
"hsa-mir-20b" 133.524246218049 -0.36864787549194 0.242758113246454 -1.51858107052299 0.128867978881912 0.397668359074993
"hsa-mir-21" 1016779.07917011 -0.038757962408244 0.101440574273417 -0.382075542117675 0.702405332656132 0.868900889034177
"hsa-mir-210" 7864.50366117184 -0.0877949070791581 0.20553562037624 -0.427151784777969 0.669268776874102 0.847139077349251
"hsa-mir-2110" 7.29954438676925 -0.116787017596028 0.128893912590463 -0.906070855084502 0.364898350402313 0.671544855710281
"hsa-mir-2114" 1.08941562568025 -0.0669842412036385 0.373358435679754 -0.179410011405484 0.857615770962541 0.957612404869129
"hsa-mir-2115" 1.33247791257252 -0.0134225426874824 0.309818633982311 -0.0433238715017017 0.96544336237792 0.983996326943699
"hsa-mir-2116" 2.53125826511028 0.158105374114954 0.20066464069375 0.787908490346592 0.430750234541652 0.703597800203376
"hsa-mir-212" 20.2564815067166 -0.00591846882789233 0.142445664271667 -0.0415489573386022 0.966858264213634 0.983996326943699
"hsa-mir-214" 105.407451770241 0.130929862102796 0.143920155281362 0.90973958336016 0.362959863564176 0.670127634456289
"hsa-mir-215" 14.5864499912695 -0.367032513505246 0.196188919448113 -1.87081163675157 0.0613711941060124 0.30558016730324
"hsa-mir-216a" 2.26774369663022 0.298088160596856 0.267446485097451 1.11457124025481 0.265034200347281 0.601992179970962
"hsa-mir-217" 81.4449744751806 0.489858669808833 0.210592986671368 2.32609203920576 0.0200136411515986 0.18527779914586
"hsa-mir-218-1" 127.899462745166 -0.15488333717628 0.163620963192059 -0.946598370738579 0.343843474478722 0.66102269863741
"hsa-mir-218-2" 123.483601370216 -0.188194526710772 0.163582799369273 -1.15045424969125 0.249956827166739 0.577169131279341
"hsa-mir-219a-1" 16.6115710732254 -0.0632933409275085 0.148168485207854 -0.427171411239841 0.66925448267378 0.847139077349251
"hsa-mir-219b" 2.38096741773271 -0.00195477004321346 0.191931357475838 -0.0101847351517823 0.991873897551953 0.996768012178032
"hsa-mir-22" 309370.973330246 -0.0358473997858312 0.0945531446076981 -0.379124353130321 0.704595522688144 0.868900889034177
"hsa-mir-221" 1089.40777712238 -0.0560806184763176 0.114091672287187 -0.491539981420849 0.623044581357571 0.818667181095647
"hsa-mir-222" 373.798779655177 -0.022340838459552 0.111925680411949 -0.199604222885447 0.841790124862761 0.954237043211776
"hsa-mir-223" 1776.17652781258 0.171860202419989 0.1931460126524 0.889794203151794 0.373576399800267 0.678966593967878
"hsa-mir-224" 562.499363079415 -0.334804148694065 0.228423727035635 -1.46571528728202 0.142725867660993 0.420920776776754
"hsa-mir-2277" 7.21454415712027 0.0221933739181683 0.168427816629978 0.131767865678181 0.895167904354955 0.970194660026667
"hsa-mir-2355" 259.490237201245 -0.120448646252318 0.128627160900601 -0.936416892116562 0.349058584029719 0.664407460567471
"hsa-mir-23a" 15255.6129787964 0.0702294007520624 0.0962193485990714 0.729888549180432 0.465458312223678 0.721814793829105
"hsa-mir-23b" 5802.33860928323 0.132326259693982 0.107203514933094 1.23434627844588 0.21707389807862 0.524942947572275
"hsa-mir-24-1" 4277.20105115429 0.111074371786356 0.0880549227804719 1.26142148875962 0.207157030202772 0.517259304694498
"hsa-mir-24-2" 4303.69190454209 0.11870394770189 0.0881319389484493 1.34688909739434 0.178015953413092 0.477207797726933
"hsa-mir-25" 37482.6604803209 0.0935383400117791 0.100324994868645 0.932353299736003 0.351153970924148 0.666320112529982
"hsa-mir-26a-1" 3513.99667424944 -0.102131902283089 0.0979099404521734 -1.04312087017332 0.296892315914152 0.627685830531305
"hsa-mir-26a-2" 3527.87350452257 -0.106318363663473 0.0980467580954516 -1.08436388646291 0.278203489270938 0.60614257571465
"hsa-mir-26b" 2358.70622596247 0.239240795303823 0.0999981229404647 2.39245286080278 0.0167361778236555 0.167636141807435
"hsa-mir-27a" 7610.62017877453 0.115337963451665 0.114668271967924 1.00584025094516 0.314492421576887 0.641625968093085
"hsa-mir-27b" 6702.75627627241 0.144638440992284 0.0958179140044621 1.50951356533965 0.131167591307203 0.401489740084695
"hsa-mir-28" 16499.5405449053 0.0568450342354619 0.0850296213870695 0.668532133957101 0.503793976979341 0.74851875302485
"hsa-mir-296" 38.6406773811487 0.0278330584852078 0.218507309419471 0.127378157550677 0.898641103157323 0.970194660026667
"hsa-mir-299" 14.1497298045836 -0.588016513522143 0.226274364312179 -2.59868816915949 0.00935807399706601 0.126724157636679
"hsa-mir-29a" 23031.4514423269 -0.142816295682169 0.125631526425601 -1.13678707682299 0.25562730704746 0.584974848711603
"hsa-mir-29b-1" 1238.77353002211 -0.0343328654072861 0.129429592491853 -0.265262871854033 0.790806964227587 0.930415058887052
"hsa-mir-29b-2" 1311.01823872585 -0.020321008760833 0.125813637047371 -0.16151674204587 0.871686426229843 0.960775393611777
"hsa-mir-29c" 8196.68984613402 0.0192410486906386 0.169204201317004 0.113714958262711 0.909463754462517 0.972302441884232
"hsa-mir-301a" 88.9932722866485 -0.0132841912623443 0.164494865807277 -0.0807574825946734 0.935634821552387 0.974413275970431
"hsa-mir-301b" 14.807009564121 0.225670544681143 0.2260799539283 0.998189095317636 0.318187673211464 0.641625968093085
"hsa-mir-3064" 1.17610734309058 -0.0920820514496181 0.203642084813598 -0.452175941598244 0.651142238480262 0.839686812273919
"hsa-mir-3065" 304.529862460207 -0.369567968956306 0.203010830642169 -1.82043474127602 0.0686928258307839 0.313319031582885
"hsa-mir-3074" 25.2667764232717 0.0385696861587035 0.168108934748923 0.229432696223487 0.818532625920612 0.944209366604353
"hsa-mir-30a" 87873.194373368 -0.370613368125791 0.212362576544334 -1.74519152176711 0.0809515365430284 0.321157183351625
"hsa-mir-30b" 1489.69349074391 -0.0249982236707604 0.141898349154262 -0.176169940099755 0.86016043574074 0.957612404869129
"hsa-mir-30c-1" 879.684213709064 0.0962358029623601 0.116217420553248 0.828066932687314 0.407632595146685 0.692541482266505
"hsa-mir-30c-2" 990.602893928365 0.0254480897054283 0.117252558233429 0.217036541367102 0.828179867700022 0.947599062106205
"hsa-mir-30d" 27425.8195925078 -0.338071150907531 0.165301786720041 -2.04517541894508 0.0408375669714027 0.251925646863879
"hsa-mir-30e" 41233.8020771717 0.160304822944199 0.0867858381459148 1.84713112610233 0.064728138321495 0.30558016730324
"hsa-mir-31" 191.032362823963 0.86997791810687 0.334719181529764 2.59912776474542 0.00934609802200487 0.126724157636679
"hsa-mir-3117" 2.3426933544476 -0.235200418837704 0.243565395072007 -0.96565613833677 0.334216274228632 0.659538283029785
"hsa-mir-3127" 18.9157646838459 -0.0823660920370539 0.144169969952061 -0.571312403439096 0.567787895377105 0.790888473810329
"hsa-mir-3129" 1.67254340466984 -0.0767420585758615 0.254957655847404 -0.300999231895169 0.763415080238859 0.914601203972436
"hsa-mir-3130-1" 13.6063225787898 -0.00903664632172016 0.202075583646487 -0.0447191400299452 0.964331177421153 0.983996326943699
"hsa-mir-3130-2" 13.6771716552841 -0.0330367713839052 0.194987964356122 -0.169429797849305 0.865458587016071 0.959700901391687
"hsa-mir-3136" 2.18898406285768 0.170823195275353 0.213000292779544 0.801985729907683 0.422561212909236 0.697797029966334
"hsa-mir-3150b" 5.41339347844455 0.626228352710299 0.236398612501462 2.64903565246782 0.00807218154907961 0.126724157636679
"hsa-mir-3157" 1.83092440982553 -0.0899571361168855 0.204689301354699 -0.439481377490276 0.660312772768151 0.844039966864729
"hsa-mir-3161" 1.37367497602486 -0.37377447773418 0.578117001462836 -0.646537771399909 0.517931143767287 0.758299472275201
"hsa-mir-3170" 4.70766888375395 0.398613171904694 0.205497572555021 1.93974637728613 0.0524105203187917 0.291116617407107
"hsa-mir-3173" 2.13778140488916 0.550723117407036 0.196826597184329 2.79801167771691 0.00514182536120034 0.0981767279904189
"hsa-mir-3176" 1.1740556217028 0.243625589255914 0.282712042989103 0.861744645470599 0.388828051851402 0.681606762292581
"hsa-mir-3187" 1.65505076655977 -0.315590012489091 0.299065745648816 -1.05525295718647 0.291309649928186 0.623695657515118
"hsa-mir-3193" 2.00341229146331 -0.324276164977018 0.256877087601108 -1.26237870417065 0.206812548423306 0.517259304694498
"hsa-mir-3199-2" 3.61011021151239 -0.073657632653538 0.159966448120906 -0.460456761519552 0.64518840040312 0.836920594140562
"hsa-mir-32" 123.017174627052 -0.0258101124127985 0.10675040224048 -0.241780001490347 0.808950635736054 0.939674597784655
"hsa-mir-3200" 26.3524131738733 0.448595244714464 0.234514547264892 1.91286745298474 0.055765023152108 0.298880957420509
"hsa-mir-320a" 1537.5066633603 0.401813082796392 0.121331808095529 3.31168791682417 0.000927349343900516 0.0382769132403115
"hsa-mir-320b-1" 8.83057014713487 0.432440121009189 0.166833288041312 2.59204938106899 0.00954060761258141 0.126724157636679
"hsa-mir-320b-2" 15.013815813497 0.559306904258718 0.166381324879242 3.36159664953178 0.000774932313299952 0.0364218187250978
"hsa-mir-320c-1" 1.78050100897878 0.348484597457397 0.177658938431162 1.96153709199622 0.0498164025080655 0.282460866973205
"hsa-mir-320c-2" 1.22016536720363 0.599556686777746 0.236001539344745 2.54047786485803 0.0110701100727537 0.130379396899989
"hsa-mir-320d-1" 1.45925722406932 0.501329588389268 0.283379491399551 1.76911034003663 0.0768754626823994 0.321157183351625
"hsa-mir-320d-2" 1.22733831241554 0.47041174231018 0.278802933714585 1.68725535288574 0.0915542619645951 0.336151294194569
"hsa-mir-323a" 17.0363190096958 -1.06348659998258 0.285770005487541 -3.7214773403815 0.000198060641128007 0.0151268814661515
"hsa-mir-323b" 23.4075178394209 -0.491866710233047 0.295939341483916 -1.66205245901643 0.0965022566168494 0.343727679913905
"hsa-mir-324" 223.955133575468 0.195541951926305 0.111267518686033 1.75740372604221 0.0788490186769468 0.321157183351625
"hsa-mir-326" 27.3730614326877 0.0552068167163288 0.241800840591013 0.22831523902643 0.819401178370204 0.944209366604353
"hsa-mir-328" 133.616863671298 0.0728285919274261 0.127313819408036 0.572039958160496 0.567294904327314 0.790888473810329
"hsa-mir-329-1" 1.82490018764199 -0.304235150729798 0.379239985870335 -0.802223294127583 0.422423804056388 0.697797029966334
"hsa-mir-329-2" 2.11521483166468 -0.133644257264522 0.350666018130887 -0.381115506934118 0.703117541348487 0.868900889034177
"hsa-mir-330" 121.437498361413 0.261975656650751 0.131775260096875 1.98804886788429 0.0468062855996168 0.274986927897749
"hsa-mir-331" 141.728062082617 0.122459992151402 0.118192605860592 1.03610535751995 0.300152993069857 0.628059858786585
"hsa-mir-335" 482.608791372919 -0.0692925452861149 0.142514022414707 -0.486215630658981 0.626814290226402 0.820093214835828
"hsa-mir-337" 101.502158339776 -0.320475732909791 0.195435440610051 -1.63980356842867 0.101046016009934 0.352794947326111
"hsa-mir-338" 2342.94571229079 -0.489205457316845 0.212503143011532 -2.30210927887452 0.0213290102847065 0.19450784005904
"hsa-mir-339" 180.112755709075 0.200693666224807 0.111549979944083 1.79913673068708 0.0719970546670026 0.321096353295902
"hsa-mir-33a" 206.267210655805 0.0469803483651023 0.191361191456884 0.245506144727822 0.806064550934212 0.939674597784655
"hsa-mir-33b" 23.1357273643938 0.0251214225134264 0.225779864183454 0.111265114824475 0.911406117934393 0.972302441884232
"hsa-mir-340" 64.8861819058605 0.0229253912312512 0.0946229504038835 0.242281509225803 0.808562040520002 0.939674597784655
"hsa-mir-342" 627.057495803742 0.0174234223026417 0.108755173363752 0.160207756226601 0.872717419729192 0.960775393611777
"hsa-mir-345" 100.954059678912 0.299604822219504 0.171786266860721 1.7440557251437 0.0811493733568007 0.321157183351625
"hsa-mir-34a" 553.952906807884 0.0114307814564 0.099265133814729 0.115154042684662 0.908323024896361 0.972302441884232
"hsa-mir-34b" 79.5628485833051 -0.518406998426483 0.285320063349085 -1.81693145705011 0.069227609269541 0.313319031582885
"hsa-mir-34c" 379.72024587305 -0.398418336144876 0.281617460231755 -1.41475012173251 0.157141773035533 0.44245909366226
"hsa-mir-3605" 9.24667740370926 0.287986747588024 0.169693814024618 1.6970963216505 0.0896784515399395 0.334106913968921
"hsa-mir-3607" 230.407491787939 0.110974013270305 0.22072150963451 0.502778426325852 0.615120063103833 0.81685341929532
"hsa-mir-3609" 1.90998281199053 -0.688898487822598 0.393199586830532 -1.75203258318659 0.0797682053541455 0.321157183351625
"hsa-mir-361" 1323.91367381234 0.0366138124779541 0.0865178623214976 0.423193679264732 0.672153958033677 0.847139077349251
"hsa-mir-3610" 3.45009138406062 0.238363145072223 0.202707487195935 1.17589709373598 0.23963600037773 0.565318904365997
"hsa-mir-3613" 39.885821936847 0.0505022365343083 0.128626883628984 0.392625826805994 0.694595861302001 0.862597705803907
"hsa-mir-3614" 15.3731761311629 -0.0244671368952028 0.16530819865653 -0.148009216082739 0.882335494971777 0.964653241750924
"hsa-mir-3615" 22.4382989108822 0.0196947353525575 0.152983902386416 0.128737305333023 0.897565515625983 0.970194660026667
"hsa-mir-3619" 1.22944273641051 0.700282369259689 0.270955872465236 2.58448862129584 0.00975235224274846 0.12678057915573
"hsa-mir-362" 50.5020582980635 0.13514986206074 0.139622279839975 0.967967735633878 0.333060483494229 0.659538283029785
"hsa-mir-363" 52.9902778892824 -0.277877179627874 0.22677865141371 -1.22532336221078 0.220453409444254 0.526160285822028
"hsa-mir-3651" 6.3378191228085 -0.159670722465343 0.21617781619963 -0.73860826828732 0.460144902034595 0.715390674664471
"hsa-mir-3652" 4.00351469960883 -0.137829583551693 0.212071146429439 -0.649921433784262 0.51574297233971 0.757497490623949
"hsa-mir-3653" 32.4635901487947 -0.249012054281979 0.167996317788664 -1.48224709660144 0.138274559215005 0.414145861178276
"hsa-mir-365a" 168.447374640045 0.220361938862108 0.140981745738789 1.56305298751509 0.118040132136449 0.385681929066151
"hsa-mir-365b" 166.282962997352 0.216523356766467 0.140433362299494 1.54182277787169 0.123116665339229 0.389763121877042
"hsa-mir-3662" 4.18034175404319 -0.155258484722124 0.294202012783224 -0.5277274728794 0.597688502282103 0.807937333837091
"hsa-mir-3664" 1.46197131618688 0.200891247783953 0.359720112547485 0.558465431252288 0.576526603585698 0.797314764604925
"hsa-mir-3667" 1.13549968395681 0.805092731627499 0.356265603351107 2.2598104449451 0.0238330178765401 0.202014285808953
"hsa-mir-3677" 24.5972643848094 0.521125229112153 0.178184903373263 2.92463176872227 0.00344864039180824 0.089053266570528
"hsa-mir-3678" 1.61512236843979 0.200624438747886 0.208910451446055 0.960337012146524 0.336885627972633 0.659734354779739
"hsa-mir-3680-1" 1.10642947106977 0.398324162872191 0.233688685899335 1.70450769295598 0.0882862800810398 0.33298096993528
"hsa-mir-3682" 4.8081029657977 -0.0352773036748892 0.176309549851207 -0.200087310668428 0.841412297320083 0.954237043211776
"hsa-mir-3684" 1.95061154792347 0.112088011771558 0.244036360424599 0.459308652106331 0.646012535469558 0.836920594140562
"hsa-mir-369" 42.3558254470607 -0.377849420756292 0.217706284243678 -1.73559262227528 0.0826358913897346 0.321157183351625
"hsa-mir-3690-1" 2.6236182695713 -0.276645973246614 0.264421904061403 -1.04622941215329 0.295455126503224 0.626816257963438
"hsa-mir-3691" 1.62369762489783 0.251617338931065 0.24647108479426 1.02087974798788 0.307311415228385 0.637446733159374
"hsa-mir-370" 35.780495416885 -0.560965322297033 0.229073198840609 -2.4488474650732 0.0143314125679735 0.146292940817585
"hsa-mir-372" 5.24338110685376 -2.86598355855805 0.791806193332915 -3.61955183312522 0.000295113694622518 0.0200349408238176
"hsa-mir-373" 1.14233937033241 -0.474612106772712 0.870398579156554 -0.54528134367203 0.585560033301754 0.805804460241828
"hsa-mir-374a" 2980.84903538554 0.0157481716904887 0.0954443089641177 0.16499854062969 0.868945130722183 0.960775393611777
"hsa-mir-374b" 219.791430130777 0.0820449630779268 0.0789233152107646 1.03955292373142 0.2985476579068 0.627734669920346
"hsa-mir-374c" 3.08421830372459 -0.634016205855928 0.702762543446978 -0.90217700383709 0.366962848609353 0.673316217718662
"hsa-mir-375" 14354.9574646376 -0.886189235691649 0.294373288226903 -3.01042679867263 0.00260880822913638 0.0796990914001163
"hsa-mir-376a-1" 6.2850890441253 -0.637255902184006 0.305021117929002 -2.08921895805371 0.0366880176340775 0.244318723637256
"hsa-mir-376a-2" 3.63078465478335 -0.541820199317311 0.350903231749357 -1.54407298164846 0.12257065335897 0.389763121877042
"hsa-mir-376b" 7.52253263541711 -0.564097125535934 0.27443022846578 -2.05552110162774 0.039828699645365 0.248319749829775
"hsa-mir-376c" 23.0552941050987 -0.461738645775254 0.216574513158358 -2.13200823606438 0.0330061694939805 0.240080590009787
"hsa-mir-377" 14.06838229889 -0.332173546849164 0.225399850671528 -1.47370792775384 0.140560247415958 0.417649719522118
"hsa-mir-378a" 2374.21415069736 -0.0848824171527265 0.1324023575576 -0.641094454196555 0.521461317147757 0.758602058993523
"hsa-mir-378c" 17.8743427027091 -0.0574149964613027 0.127617948136631 -0.449897505011071 0.652784346694126 0.839686812273919
"hsa-mir-378d-2" 1.0928476715979 0.0498539780815172 0.263018848673089 0.189545267698596 0.849665479573991 0.955931236727489
"hsa-mir-379" 2792.64663799141 -0.42181294737173 0.205131169780472 -2.05630839927032 0.0397527992133709 0.248319749829775
"hsa-mir-380" 3.48446178115707 -0.618737745730715 0.331078493133269 -1.86885514632826 0.0616429700893448 0.30558016730324
"hsa-mir-381" 170.103593756658 -0.417120079250302 0.199428282379565 -2.09157936012512 0.0364761604558108 0.244318723637256
"hsa-mir-382" 79.2893873145131 -0.30523567818421 0.193373009030303 -1.57848129744094 0.114455081420602 0.382142375672065
"hsa-mir-383" 4.62540402343792 -0.567186698223115 0.685554112230555 -0.827340523678994 0.408044081204487 0.692541482266505
"hsa-mir-3909" 1.8659484895088 0.0190601524203059 0.176065495547141 0.108256034841321 0.913792596703876 0.972695603808481
"hsa-mir-3912" 2.17778969818809 -0.14072514080884 0.184968748509452 -0.76080495728525 0.44677357303509 0.71460380399068
"hsa-mir-3913-1" 6.25555450071688 0.202478271933253 0.151948846217601 1.33254234548968 0.182682036243158 0.481115190278317
"hsa-mir-3913-2" 6.20647324685045 0.227676819152697 0.153241561988542 1.48573804781317 0.137348422548098 0.41339845407334
"hsa-mir-3917" 3.9878808469202 -0.00423409047006384 0.213787207441853 -0.01980516290347 0.984198799290841 0.992319251430204
"hsa-mir-3920" 1.27400978893044 -0.239053880837076 0.300186511726523 -0.796351173349385 0.425827949534084 0.699410960121843
"hsa-mir-3922" 4.27840167882544 -0.39517533183427 0.168789172068837 -2.34123627120528 0.0192199995700458 0.180667995958431
"hsa-mir-3923" 2.20133541102157 -0.823805331689451 0.574900575680144 -1.4329526991947 0.151871355366591 0.43159720059994
"hsa-mir-3926-1" 1.75142529064525 0.124252764365495 0.240491215443557 0.516662382600236 0.605391859977466 0.811279821797711
"hsa-mir-3926-2" 2.31202476028164 -0.0785586770450081 0.233204871876439 -0.336865505479798 0.736218289676843 0.888501239077299
"hsa-mir-3928" 7.17835797987138 0.298227480210717 0.184246375152522 1.61863417917362 0.105525996552352 0.363519126741412
"hsa-mir-3934" 13.3614899574834 -0.0119738945160538 0.129073252195917 -0.0927682096200606 0.926087707117542 0.974413275970431
"hsa-mir-3940" 4.58548227485497 0.184756689332611 0.241755189532284 0.76423049982941 0.444729893931379 0.713202008378143
"hsa-mir-3941" 2.21464944004882 0.216306060533069 0.198959299859855 1.08718748349754 0.276953961240867 0.60614257571465
"hsa-mir-3942" 1.55533779751051 -0.2924782259952 0.265289153797275 -1.10248844254938 0.270249380320545 0.60614257571465
"hsa-mir-3944" 1.19079007513139 -0.0252773037585226 0.287268567888597 -0.0879918883722954 0.929883123276732 0.974413275970431
"hsa-mir-409" 119.402835447386 -0.446588652331179 0.213872015232205 -2.08811167672549 0.0367877619879338 0.244318723637256
"hsa-mir-410" 48.6251544532844 -0.425871557347538 0.24578820819587 -1.73267692731686 0.083153107671931 0.321157183351625
"hsa-mir-411" 24.8691857217353 -0.380731985790846 0.207604015872407 -1.83393362691425 0.0666638472214099 0.308572807971829
"hsa-mir-412" 15.8355535722653 -0.477069392981755 0.289917796571739 -1.64553331538482 0.0998598781490011 0.350657388212872
"hsa-mir-421" 15.510854179056 0.169866809670321 0.139918977290646 1.21403695881414 0.224733611211902 0.532217970738265
"hsa-mir-423" 604.092618750401 -0.000254566532850582 0.0835055671181016 -0.00304849774255829 0.997567654485006 0.998461906767039
"hsa-mir-424" 288.36836978566 0.256042008013131 0.150548079245464 1.70073247892896 0.0889932333403868 0.333588132337278
"hsa-mir-425" 813.005955140757 0.177871994014376 0.142389212351391 1.24919571558145 0.211593498666946 0.521304950344775
"hsa-mir-429" 514.679832443003 0.406414834178388 0.164734261144841 2.46709355633709 0.0136214762849934 0.146012666844403
"hsa-mir-431" 46.7948405601064 -1.29307103763139 0.270328766717581 -4.78332755086436 1.7241681778004e-06 0.000263366689159011
"hsa-mir-432" 28.2396009481088 -0.658471770948584 0.251090030347249 -2.62245287094012 0.00872993410585311 0.126724157636679
"hsa-mir-4326" 23.4305738766878 0.114869326634088 0.27033900158543 0.42490845183427 0.67090341316275 0.847139077349251
"hsa-mir-433" 5.09834518912503 -0.771169044905462 0.303705698731151 -2.53919846788296 0.0111106774487263 0.130379396899989
"hsa-mir-4423" 1.63037829211523 -0.798467219947381 0.38166002095855 -2.09209027956873 0.0364304405325485 0.244318723637256
"hsa-mir-4443" 1.85583091347845 0.0230513623093735 0.262696534393714 0.0877490156563143 0.930076160983235 0.974413275970431
"hsa-mir-4444-1" 1.51341589581176 0.00939206853311971 0.22815280185913 0.0411656944669858 0.967163802327457 0.983996326943699
"hsa-mir-4444-2" 2.62075874811524 0.0742975115076546 0.185962799643471 0.399528893144748 0.689503538637727 0.858017641767111
"hsa-mir-4449" 5.16180273769028 -0.413374706129493 0.3099208154287 -1.33380749388417 0.182266954397958 0.481115190278317
"hsa-mir-4454" 1.28622816281203 -0.193904961895791 0.375386784091414 -0.516547119167016 0.60547233836294 0.811279821797711
"hsa-mir-4461" 2.95255882245147 -0.457139974009836 0.288440019841699 -1.58487013785647 0.112995842596054 0.38143900456458
"hsa-mir-4473" 2.42322852009435 -0.25982787915935 0.259971515821864 -0.999447490768132 0.317577963846732 0.641625968093085
"hsa-mir-448" 1.08527518343302 -1.74514774062291 0.712892651376275 -2.44798110522506 0.0143659189018905 0.146292940817585
"hsa-mir-4491" 6.51852080700874 -0.397086849854365 0.301075720447202 -1.31889363002952 0.187204676031593 0.485917123867017
"hsa-mir-449a" 9.29307147142329 0.0333595540412365 0.39147018096535 0.0852160794443479 0.932089607531778 0.974413275970431
"hsa-mir-449b" 1.98309125104619 0.256266088541771 0.509241615705618 0.503230844923549 0.614801980960555 0.81685341929532
"hsa-mir-450a-1" 13.4551541696182 0.376583150917455 0.139208214999581 2.70517907954346 0.00682675757960517 0.11917568231825
"hsa-mir-450a-2" 12.9517098719592 0.293278768566706 0.142311408964797 2.06082401052787 0.0393198329425042 0.248319749829775
"hsa-mir-450b" 44.3811666103133 0.187121501454996 0.151748491107095 1.23310288023185 0.217537383030238 0.524942947572275
"hsa-mir-451a" 3121.33177337077 0.0720066721452093 0.270437408551509 0.266260028636143 0.790038954771179 0.930415058887052
"hsa-mir-452" 632.526551075106 -0.115503248963573 0.186040796098164 -0.620849036265294 0.534698955861758 0.762100575421835
"hsa-mir-4521" 3.26456716823635 -0.314158379731079 0.220868898759017 -1.4223749088089 0.154917443156244 0.438215545224375
"hsa-mir-4529" 1.30125858167163 -0.299300104453434 0.356434109633053 -0.83970668453017 0.401072865133421 0.690297241116958
"hsa-mir-454" 36.2032380259061 0.014964153250088 0.117593603744274 0.127253122394564 0.898740061497698 0.970194660026667
"hsa-mir-455" 1289.43657485974 -0.00365644917942073 0.164363099484369 -0.0222461683363939 0.982251589683839 0.991992927763348
"hsa-mir-4636" 1.54260711374541 -0.3064129154985 0.346608274162442 -0.884032316420974 0.376678768031811 0.678966593967878
"hsa-mir-4638" 3.35200485755312 0.374451203725261 0.19650588778778 1.90554699373515 0.0567090048579899 0.301297408419407
"hsa-mir-4640" 1.53871099703093 0.281485695362796 0.255353204615112 1.10233860501995 0.270314491901534 0.60614257571465
"hsa-mir-4645" 1.2653271001487 0.18647968159463 0.223823656003686 0.833154479397653 0.404757611538989 0.692541482266505
"hsa-mir-4652" 19.4182690196669 -0.2059772540435 0.274931586626929 -0.749194578078808 0.453739936620969 0.715390674664471
"hsa-mir-466" 2.16852795303217 -0.248188754894381 0.444708612171572 -0.558092980665342 0.576780893543988 0.797314764604925
"hsa-mir-4660" 1.49636121566137 0.0458449251686596 0.222400950548911 0.206136372418863 0.836684387752266 0.951981677684608
"hsa-mir-4661" 18.4297000153686 -0.175304349390749 0.2012182884922 -0.871214792176032 0.383636884665537 0.681401559682102
"hsa-mir-4662a" 116.857665396313 -0.101604199461616 0.17929794310304 -0.566677998102996 0.570932971722872 0.792818285733352
"hsa-mir-4664" 3.34259133215988 0.224123884833777 0.231676253885055 0.967401194880223 0.333343512971335 0.659538283029785
"hsa-mir-4665" 1.34814228594734 -0.224308194219007 0.335233129937054 -0.669111057911027 0.503424636619011 0.74851875302485
"hsa-mir-4668" 12.0834433665649 -0.108872943412517 0.165587177641086 -0.657496220199499 0.510861900583052 0.752136436762036
"hsa-mir-4676" 2.03368448213921 0.306076194671728 0.189622032219525 1.61413835243251 0.106497420109186 0.363519126741412
"hsa-mir-4677" 36.8718665038907 -0.0731441244205912 0.105004207446952 -0.696582796051708 0.486063925463886 0.738768802135409
"hsa-mir-4687" 1.21709096001588 0.145712583115322 0.294781420750563 0.494307214967326 0.621089230448525 0.817856723715622
"hsa-mir-4707" 1.38054971173551 0.500832139521393 0.296406414989582 1.68968050013018 0.0910890958151504 0.336151294194569
"hsa-mir-4709" 4.72454731876244 -0.589253432315788 0.230639094498443 -2.55487229342971 0.0106226763593026 0.130379396899989
"hsa-mir-4713" 1.29321797313387 0.40237701404182 0.315962708514282 1.27349526763419 0.202842350786097 0.516402818042938
"hsa-mir-4714" 1.64505726666126 -0.137896193983009 0.263611579332197 -0.523103705582052 0.600902086962394 0.810488245328968
"hsa-mir-4724" 1.61355815710104 -0.290428446266776 0.26875760278935 -1.08063341558531 0.279860212260476 0.606363793231031
"hsa-mir-4728" 2.75169913989998 0.535384950400348 0.209323702687267 2.55768908884735 0.010537025425079 0.130379396899989
"hsa-mir-4732" 2.07778984727143 -0.0228309254349972 0.391643350406546 -0.0582951948789568 0.953513494939182 0.9808026016967
"hsa-mir-4742" 2.93645980875069 0.178140762269817 0.179886861167606 0.990293349461681 0.322030756286382 0.645117351117966
"hsa-mir-4745" 1.18983399315346 0.410132780941129 0.326870251858991 1.25472654243879 0.209578046919073 0.518429905536653
"hsa-mir-4746" 15.4347694131722 -0.0970131336714311 0.180291768842336 -0.538089643772192 0.590515161832097 0.806099335690811
"hsa-mir-4758" 1.56233557561887 0.456301904674814 0.298888410019135 1.52666309357931 0.126844809156495 0.395419277523565
"hsa-mir-4762" 1.28018372840066 0.157075509028501 0.234923547187367 0.668623945573334 0.503735393708362 0.74851875302485
"hsa-mir-4766" 3.26301023856416 -0.131804257904396 0.254922795344315 -0.517035982311322 0.605131040884285 0.811279821797711
"hsa-mir-4772" 39.5044135055868 -0.28372561801071 0.156003171940482 -1.81871698172237 0.0689546195622496 0.313319031582885
"hsa-mir-4777" 1.89733643754568 -0.391517198738856 0.272837887985837 -1.43498104910994 0.151292497930898 0.43159720059994
"hsa-mir-4778" 2.72945982016652 -0.030341725079088 0.377465820181078 -0.0803827087298459 0.935932878834037 0.974413275970431
"hsa-mir-4781" 1.14020775196577 -0.146367296707358 0.233521119849148 -0.626783979118932 0.530800846593715 0.762100575421835
"hsa-mir-4784" 1.10871131726657 0.212875837146901 0.277622275938861 0.766782263516137 0.443210983453774 0.713202008378143
"hsa-mir-4786" 3.03132576470067 0.1905321663767 0.186811850154299 1.01991477638773 0.307768880985295 0.637446733159374
"hsa-mir-4787" 2.4754812337663 0.111930475328473 0.275640747865736 0.406073761572416 0.684688404063056 0.853764520168423
"hsa-mir-4788" 1.40113412950543 -0.634495575013704 0.439555115518272 -1.44349491704944 0.148881103327894 0.429055643519431
"hsa-mir-4791" 2.5173373560803 -0.238165807507082 0.249483781387058 -0.95463443027418 0.339762599286804 0.66102269863741
"hsa-mir-4797" 3.58182327504957 -0.0639167558082508 0.228830304796573 -0.279319454060388 0.779999678006382 0.929005464448147
"hsa-mir-483" 10.2320391372444 -0.25309996228884 0.342135677186518 -0.739764892016395 0.459442665224344 0.715390674664471
"hsa-mir-484" 246.426635104087 0.105061240663513 0.0954683277987082 1.10048267405533 0.271121874532889 0.60614257571465
"hsa-mir-485" 17.9427835737615 -0.665304446467048 0.264486295611219 -2.51545905215827 0.0118877485634794 0.134106727166186
"hsa-mir-486-1" 369.133551542724 -0.557669151135315 0.282530170030657 -1.97383929325071 0.0484000193434456 0.278985017158917
"hsa-mir-486-2" 369.085297668626 -0.522945318122518 0.282068811163918 -1.85396363378374 0.063744362937498 0.30558016730324
"hsa-mir-487a" 6.04903530762095 -0.186522118487109 0.274438302855354 -0.679650458942743 0.496725811647153 0.747000339810764
"hsa-mir-487b" 16.5420310112456 -0.365164476584958 0.211039609320001 -1.73031251224152 0.0835744552420759 0.321157183351625
"hsa-mir-489" 1.33649255878895 -0.0665827253461234 0.350532213842065 -0.189947521844947 0.849350253244417 0.955931236727489
"hsa-mir-490" 2.36145291264143 -1.42386760918327 0.512559121783181 -2.77795779778472 0.00547017224109233 0.10097077902594
"hsa-mir-491" 9.05397029015926 0.265014559372921 0.137656122375397 1.92519268158818 0.0542052573305019 0.294908048680914
"hsa-mir-493" 61.0099388549908 -0.626680121615051 0.223748550764983 -2.80082315381471 0.00509724439989622 0.0981767279904189
"hsa-mir-494" 5.64258072208455 -0.519491528852419 0.29356736171887 -1.76958203327079 0.0767967940464227 0.321157183351625
"hsa-mir-495" 26.5916867333571 -0.691316335743436 0.228117562934044 -3.03052657082488 0.00244127705644718 0.078506330604696
"hsa-mir-496" 11.7052656723377 -0.252613363971537 0.249150073631134 -1.01390041869115 0.310630271578023 0.639040727051084
"hsa-mir-497" 74.3840567523304 -0.172170960432298 0.133084313331526 -1.29369837903738 0.195769625475771 0.502585046914689
"hsa-mir-4999" 4.86833703736466 0.207971439302213 0.188824651039069 1.1013998339612 0.270722677676825 0.60614257571465
"hsa-mir-499a" 1.5205153562513 -0.0861807115826809 0.324459207417933 -0.265613394881016 0.790536968443842 0.930415058887052
"hsa-mir-5000" 6.01730489041495 0.301192922956 0.163173141844358 1.8458486461166 0.0649141849501506 0.30558016730324
"hsa-mir-5001" 3.05785008374011 0.130893827171067 0.167829096898101 0.779923324324034 0.435436008595255 0.705286441887654
"hsa-mir-5003" 1.42911066074098 -0.224746718213632 0.265047302183204 -0.847949465481766 0.396466114746668 0.687760207544176
"hsa-mir-5008" 1.18868530527093 0.433288657631332 0.38659501971001 1.12078178854023 0.262380757895974 0.598188966695673
"hsa-mir-500a" 845.370149018246 -0.0630790231545218 0.102010477420522 -0.618358277988334 0.536339193832061 0.762100575421835
"hsa-mir-500b" 20.3767130095528 -0.00851846033174418 0.128917694783755 -0.06607673481932 0.947316733287391 0.977720479794925
"hsa-mir-501" 176.184050285654 0.12365520157655 0.114168333426382 1.08309544219007 0.278766061826214 0.60614257571465
"hsa-mir-5010" 2.76067248887707 -0.270136152896013 0.173946253408476 -1.552986325389 0.120426401556145 0.389763121877042
"hsa-mir-502" 39.2232716484212 -0.0611575731064512 0.0964637149902417 -0.6339956232521 0.526083678444292 0.762100575421835
"hsa-mir-503" 30.3647912773785 0.116677205112495 0.187961250243193 0.620751378071451 0.534763218972591 0.762100575421835
"hsa-mir-504" 3.01815073323224 0.439461114596015 0.256045643833994 1.71633896213027 0.086100021101058 0.326752253992214
"hsa-mir-505" 191.445929910511 0.331094958064268 0.115065312648284 2.87745238285942 0.004009004098917 0.0956217231342933
"hsa-mir-506" 4.76183233825485 -1.07682917547515 0.484105421704911 -2.22436917083638 0.0261236163033551 0.207292591705843
"hsa-mir-508" 248.27760547262 -0.85707950668971 0.338367079292395 -2.53298727666434 0.0113095057867421 0.130379396899989
"hsa-mir-509-1" 32.4988337852072 -1.01517118504035 0.366587955142135 -2.76924315379306 0.00561866855463497 0.10097077902594
"hsa-mir-509-2" 31.8255449103536 -0.953528929636299 0.362995833372039 -2.62683161065106 0.00861839713306342 0.126724157636679
"hsa-mir-509-3" 34.4939181523186 -0.893149223153866 0.358427196963812 -2.49185673051491 0.0127077284955771 0.138650394835672
"hsa-mir-5091" 1.08772475023149 0.0210272017381021 0.275920781323876 0.07620738690726 0.939254105879822 0.974413275970431
"hsa-mir-5092" 1.4411675862089 0.0232503278265807 0.313726975403595 0.074110069102825 0.940922803310236 0.974413275970431
"hsa-mir-511" 82.0962802420845 -0.305164397720189 0.17612357779986 -1.73267203364995 0.0831539779609842 0.321157183351625
"hsa-mir-512-1" 1.55869854434912 0.475799747953693 0.573268318893225 0.829977398493416 0.40655156241839 0.692541482266505
"hsa-mir-512-2" 1.55295876133724 0.432428940695844 0.605750763910941 0.71387271211006 0.475305892386263 0.731516121531502
"hsa-mir-513c" 2.30356526519983 -0.169314441777001 0.504700993494088 -0.335474754279405 0.737266985617334 0.888501239077299
"hsa-mir-514a-1" 39.6266714124905 -0.678267363915081 0.363995595964161 -1.8633944240959 0.0624067939484626 0.30558016730324
"hsa-mir-514a-2" 39.805151656655 -0.78297519716026 0.376123820662687 -2.08169531985703 0.0373703083999388 0.245518907874867
"hsa-mir-514a-3" 39.7693045597698 -0.67757984772345 0.375138913850755 -1.80621050684445 0.0708854643621647 0.318463372980019
"hsa-mir-514b" 1.62208113484763 -0.276476669380313 0.541903457038836 -0.51019543387135 0.609914550823199 0.815443743004321
"hsa-mir-516a-1" 3.11323400245367 0.363030118627575 0.393191721010476 0.923290342163392 0.355855919507969 0.669009128674982
"hsa-mir-516a-2" 4.71555012679261 -0.0480927770645209 0.457900174521838 -0.105028955524513 0.916352832595384 0.973724488201355
"hsa-mir-517a" 1.27069544099066 -0.517974988913019 0.596270947095048 -0.868690637094636 0.385016363960461 0.681606762292581
"hsa-mir-517b" 1.26873271654646 -0.514205355196294 0.598742229105231 -0.858809234091822 0.390445772180693 0.681606762292581
"hsa-mir-5187" 1.40740284183792 0.276572912045028 0.188962315101373 1.46364057773453 0.143292179328257 0.420920776776754
"hsa-mir-518c" 1.73814349491207 -0.641897038515356 0.665290880020504 -0.964836671886398 0.334626624777796 0.659538283029785
"hsa-mir-518f" 1.43548166761319 -1.36771089120918 0.772955255918853 -1.76945674505222 0.0768176831162239 0.321157183351625
"hsa-mir-519a-1" 11.4795213775386 -0.19352700730926 0.417541446927669 -0.463491729343901 0.643011941789608 0.836920594140562
"hsa-mir-519a-2" 3.19149208131264 1.2686253228701 0.414080534697127 3.06371639468157 0.00218606040565943 0.0742046059921062
"hsa-mir-520a" 1.97234901432429 -1.15602040440965 0.524755425235138 -2.2029698957217 0.0275968705263179 0.208168986315805
"hsa-mir-520b" 2.00678063269096 0.0428439280411115 0.571862810016994 0.0749199410953797 0.940278410445524 0.974413275970431
"hsa-mir-522" 2.35749703062564 0.604329102557839 0.488952629207471 1.2359665670218 0.216470991319659 0.524942947572275
"hsa-mir-525" 1.43389665169211 -1.33066158923388 0.751590974532185 -1.77045977709103 0.0766505792881483 0.321157183351625
"hsa-mir-526b" 6.56425930682082 -1.04511406663966 0.591773126902247 -1.76607219748303 0.0773837371657643 0.321157183351625
"hsa-mir-532" 3342.71033097722 -0.153192961258472 0.106130764155549 -1.44343595824814 0.148897700815412 0.429055643519431
"hsa-mir-539" 25.9183940350069 -0.448132214509618 0.238219333326386 -1.8811748326725 0.0599481400746751 0.30558016730324
"hsa-mir-541" 2.5608298773071 -1.06147179204256 0.422890643621471 -2.51003848879825 0.0120718003177418 0.134106727166186
"hsa-mir-542" 657.126069483861 0.190771293005759 0.114869755253621 1.66076172604839 0.0967613108759274 0.343727679913905
"hsa-mir-543" 5.83434890696243 -0.591785399038826 0.261987278800619 -2.25883257289448 0.0238938015244802 0.202014285808953
"hsa-mir-545" 2.62127821838529 0.287806603069669 0.215688465879541 1.33436251167184 0.182085079800775 0.481115190278317
"hsa-mir-548au" 1.70865110572496 0.215011343088793 0.244921214579503 0.877879621240399 0.38000904945277 0.680895980104524
"hsa-mir-548b" 6.20307037565341 -0.44894765124899 0.241471159789367 -1.85921851553867 0.062996171382255 0.30558016730324
"hsa-mir-548e" 2.00627299911416 -0.120729271757706 0.193517775696946 -0.623866574132038 0.532715213744844 0.762100575421835
"hsa-mir-548f-1" 3.52000479587893 0.360037888093771 0.448198185681723 0.803300637074517 0.421800989820301 0.697797029966334
"hsa-mir-548j" 2.47836187212498 -0.015137790805766 0.196514433099795 -0.077031445309051 0.938598529541144 0.974413275970431
"hsa-mir-548k" 1.26833544195092 -0.178917123747874 0.311926184749521 -0.573588023370162 0.566246618226456 0.790888473810329
"hsa-mir-548o" 1.27388184036149 0.207248017104459 0.219518248508453 0.944103820582723 0.345116597160939 0.66102269863741
"hsa-mir-548o-2" 1.2624624189863 -0.0175163475202198 0.219766589613631 -0.0797043242606397 0.936472420135575 0.974413275970431
"hsa-mir-548s" 1.36848558519314 -0.159317505213309 0.269671486393276 -0.590783650671053 0.554665390900288 0.780876852166073
"hsa-mir-548v" 6.58793249400571 0.0179747050583791 0.209057729151301 0.0859796245340936 0.931482614502766 0.974413275970431
"hsa-mir-548y" 1.61988839632951 1.06579599625259 0.554376153844947 1.92251414289851 0.0545410957462247 0.294908048680914
"hsa-mir-549a" 1.92763557494526 -0.443426033790795 0.275734601964279 -1.60816245270603 0.107799604142378 0.365919767394405
"hsa-mir-550a-1" 11.7832614737115 0.399598006384009 0.148573604074865 2.68956258328804 0.00715457303130404 0.12142900339241
"hsa-mir-550a-2" 12.0358641915418 0.353800581535714 0.148784584085171 2.3779384383881 0.0174097322118936 0.171570102926887
"hsa-mir-550a-3" 5.22957064373484 0.259524323471082 0.149727487100525 1.73331115412924 0.0830403792988413 0.321157183351625
"hsa-mir-551a" 5.81269494004278 0.315409512264901 0.289525118206544 1.08940293062894 0.275976239624665 0.60614257571465
"hsa-mir-551b" 41.2537052567721 -0.520023507572613 0.313869851073282 -1.65681254760336 0.0975573793864195 0.344552363035273
"hsa-mir-552" 4.36572185603652 -0.36799483259748 0.382452619714402 -0.962197181110384 0.335950564862724 0.659734354779739
"hsa-mir-556" 2.50649341994076 0.0817139410110883 0.281139879887482 0.290652258383947 0.771317288157094 0.920637722461789
"hsa-mir-5571" 2.10492827863208 -0.0243570933664087 0.320479084907706 -0.0760021309141694 0.93941740287927 0.974413275970431
"hsa-mir-5579" 3.75881459572954 -0.417289689931315 0.309491024847389 -1.34830950311752 0.177558856876102 0.477207797726933
"hsa-mir-5586" 10.7267139325189 -0.299363856096176 0.167928788509098 -1.78268335497435 0.0746378623770415 0.321157183351625
"hsa-mir-561" 5.14696840792725 -0.262488934710597 0.297047836999684 -0.88365879840046 0.37688042809262 0.678966593967878
"hsa-mir-5682" 2.26598703753134 -0.223293379425117 0.656036594706594 -0.340367261867431 0.733579969718875 0.888501239077299
"hsa-mir-5683" 14.5197697886218 -0.463918309252624 0.349238303652816 -1.32837178625691 0.184055315281623 0.482533876885538
"hsa-mir-5684" 1.85147130231117 0.603998570063817 0.214286218436766 2.81865336217155 0.00482255669570203 0.0981767279904189
"hsa-mir-5696" 1.42577368984418 0.229546274207889 0.209149120759601 1.09752445228652 0.27241219761882 0.60614257571465
"hsa-mir-5698" 3.53054307802689 -0.869654409936303 0.303988138331246 -2.8608169210493 0.00422550986027155 0.0956217231342933
"hsa-mir-5699" 2.59050459784071 0.0291106130840134 0.197051533221218 0.147730964627069 0.882555093516803 0.964653241750924
"hsa-mir-570" 4.13473836359476 0.131364717827552 0.24420152243798 0.537935703742037 0.590621438199423 0.806099335690811
"hsa-mir-5706" 1.34695252445346 0.0109626919614448 0.227694092045693 0.0481465806290877 0.961599423252914 0.983996326943699
"hsa-mir-573" 1.09607254491236 -0.339400664895027 0.382588224847978 -0.887117383264705 0.375015706036171 0.678966593967878
"hsa-mir-574" 278.008663031464 -0.167457207490907 0.106424934399088 -1.57347719720409 0.11560836426761 0.383895166127769
"hsa-mir-576" 47.1388476403271 0.0768133249650528 0.126073363887672 0.609274811081361 0.542342300224221 0.766882825076731
"hsa-mir-577" 71.4543864913797 0.319360052243841 0.326685752466949 0.977575697232618 0.328284222017924 0.655495619780887
"hsa-mir-579" 4.57960516004019 0.0717627401596255 0.207693930124985 0.345521605356692 0.729702270536561 0.888090263648939
"hsa-mir-580" 3.09978674401558 -0.0108480165374867 0.183929239342378 -0.0589792932122851 0.952968601018813 0.9808026016967
"hsa-mir-581" 2.28265960255587 -0.0648586095887665 0.241085671659755 -0.269027226472014 0.787908731083188 0.930415058887052
"hsa-mir-582" 1437.19932990016 0.136426852198267 0.175264906183351 0.778403704250672 0.436331055701364 0.705286441887654
"hsa-mir-584" 336.891754646462 -0.0996446668634675 0.231433983000855 -0.430553307562872 0.666793198116818 0.847139077349251
"hsa-mir-585" 1.35816973402403 0.284170018769571 0.282460675740823 1.00605161417343 0.31439074233691 0.641625968093085
"hsa-mir-589" 291.500477683105 0.0606002342168496 0.0960208277402913 0.63111551569578 0.527964996839634 0.762100575421835
"hsa-mir-590" 104.741381910552 -0.0810616749558436 0.11867673056767 -0.683046074559847 0.494577728822757 0.747000339810764
"hsa-mir-592" 12.1593487238725 -0.197231646581637 0.247465797262447 -0.797005682253801 0.425447731229945 0.699410960121843
"hsa-mir-598" 78.4076559568378 -0.0562121751926952 0.165696515327216 -0.339247781292733 0.734423076914342 0.888501239077299
"hsa-mir-605" 1.39248561731168 -0.581450047620576 0.265616888004323 -2.18905526673858 0.028592823325593 0.213051403072407
"hsa-mir-607" 1.09477189110563 0.771219092194945 0.296453365648332 2.60148536518828 0.00928210254013574 0.126724157636679
"hsa-mir-6125" 1.1168652670799 0.17980065330615 0.238156773243158 0.754967624299199 0.45026840830067 0.714756946502697
"hsa-mir-615" 13.2051925484024 0.709152579529094 0.299222576533062 2.36998353448352 0.0177888774510375 0.17252387496165
"hsa-mir-616" 19.931169120965 -0.368627696982185 0.194971813753957 -1.89067173292736 0.058668178065202 0.30558016730324
"hsa-mir-618" 3.14588077641983 -0.134875359525053 0.25349040531725 -0.532072838639605 0.594675548475356 0.80743724470765
"hsa-mir-624" 6.00036959927214 -0.0117599578449136 0.141543842146318 -0.083083500253985 0.93378514537192 0.974413275970431
"hsa-mir-625" 973.54004701724 -0.241774790178221 0.138241664890684 -1.74892851854328 0.0803033762372 0.321157183351625
"hsa-mir-627" 7.80276803601303 0.0319539810256113 0.181996978747529 0.17557423889953 0.860628442311798 0.957612404869129
"hsa-mir-628" 94.4067402779482 -0.134334391423776 0.234288657356323 -0.573371297354233 0.566393320200589 0.790888473810329
"hsa-mir-629" 599.869993127841 -0.188060117849807 0.111947635773476 -1.6798936087435 0.0929780175431787 0.336151294194569
"hsa-mir-632" 1.37104251894189 0.138270774008305 0.225908568198063 0.612065204570183 0.540494617752136 0.766223228414281
"hsa-mir-636" 1.41366067946443 0.220918588488576 0.24287342653847 0.909603786783908 0.363031500826565 0.670127634456289
"hsa-mir-639" 2.4219551398388 -0.169120202943588 0.233836752936309 -0.723240469344235 0.469532159588538 0.724454923001507
"hsa-mir-642a" 13.4646017499464 0.156103518106954 0.181393310927706 0.860580345044636 0.389469214972756 0.681606762292581
"hsa-mir-643" 3.21843186841679 -0.117848995519842 0.17101753752006 -0.689104738781648 0.490757358136023 0.744051478464293
"hsa-mir-6499" 17.7842980895147 0.465062963982173 0.300605758167882 1.54708601331065 0.121842506156624 0.389763121877042
"hsa-mir-6501" 1.09475252931533 0.665670054912674 0.225979850211807 2.94570535509582 0.00322219178600827 0.089053266570528
"hsa-mir-6502" 1.73298400079988 -0.437549759291738 0.248580231217546 -1.76019531862457 0.0783746954620794 0.321157183351625
"hsa-mir-6503" 1.63847179939785 -0.152914898269754 0.231250088648795 -0.661253360650553 0.508449846002151 0.752136436762036
"hsa-mir-6509" 6.64965265369438 -0.167145485537567 0.183020696684257 -0.913260022312789 0.361105802692918 0.670127634456289
"hsa-mir-651" 23.9068250717388 -0.198992218557441 0.189268271259315 -1.05137653148849 0.293085690089695 0.623955946497575
"hsa-mir-6510" 73.2414416611028 0.528929838043618 0.337317220379976 1.56804872709373 0.116869761036793 0.383910881685379
"hsa-mir-6511b-1" 4.14735980564979 0.145946841223404 0.157266832623463 0.928020478245641 0.353396947162815 0.668299675996833
"hsa-mir-6511b-2" 4.30514419218957 0.0684572810926674 0.155185387023792 0.441132263839842 0.659117247273877 0.844039966864729
"hsa-mir-6512" 2.41355059573335 -0.5403495502908 0.374971199486265 -1.44104280817064 0.149572589312011 0.429055643519431
"hsa-mir-6514" 1.42044509819743 -0.0803670826497421 0.21285644522935 -0.377564712983661 0.705753982514617 0.868900889034177
"hsa-mir-6516" 1.93273198406627 0.00700512957260321 0.202113022724716 0.0346594666596244 0.972351282413013 0.986348953392722
"hsa-mir-652" 132.728908177707 0.15116929173618 0.124335472326333 1.21581789096694 0.224054301893368 0.532217970738265
"hsa-mir-653" 42.674147257728 -0.205877156677918 0.195353549942963 -1.05386954441334 0.291942648198566 0.623695657515118
"hsa-mir-654" 104.440599256246 -0.448465988428529 0.22013232032048 -2.03725644546712 0.0416243500230266 0.251925646863879
"hsa-mir-655" 8.30606676541289 -0.31282809268055 0.252540930886014 -1.23872233931753 0.215448342752902 0.524942947572275
"hsa-mir-656" 2.44996349165869 -0.366602857049615 0.288462272420148 -1.27088667080752 0.203768969003317 0.516609294859032
"hsa-mir-659" 6.20699227016422 0.110865319972815 0.119709740431002 0.92611778768926 0.354384770905031 0.668299675996833
"hsa-mir-660" 187.438992760835 -0.124018547547641 0.130744235927659 -0.948558432941248 0.342845240491494 0.66102269863741
"hsa-mir-664a" 80.5500499601781 0.00326619226389753 0.0980803320466969 0.0333011950076032 0.973434400811476 0.986348953392722
"hsa-mir-664b" 12.2972534901951 -0.0883173249206601 0.111518310815528 -0.791953574931328 0.428387746463555 0.701728989515367
"hsa-mir-665" 1.50132213140502 -0.18929825173659 0.311564188495362 -0.607573844255878 0.543470152632119 0.766882825076731
"hsa-mir-671" 40.6762892340777 -0.0294665194226427 0.112492099325696 -0.261943012880654 0.793365377545261 0.930415058887052
"hsa-mir-6716" 1.97422217972052 -0.114194491814264 0.182882765693367 -0.624413631220616 0.5323559752965 0.762100575421835
"hsa-mir-6718" 3.56908843957443 -0.573333619949549 0.258815236324934 -2.21522360155701 0.0267447206798831 0.208168986315805
"hsa-mir-6720" 16.757983415544 -0.176115412326103 0.243166091940656 -0.724259747403777 0.468906284139583 0.724454923001507
"hsa-mir-6728" 1.42328392641593 0.289511713093952 0.307637192695561 0.941081637617379 0.346663024742775 0.661909712868236
"hsa-mir-6733" 1.20617543006761 -0.156288210042213 0.23068952426591 -0.677482909289211 0.498099610114203 0.747000339810764
"hsa-mir-675" 224.178152423638 -0.111310341623567 0.368621431193758 -0.30196383661985 0.762679631045433 0.914601203972436
"hsa-mir-6755" 2.33853968800155 0.0795147475115464 0.162739345821856 0.488601862751665 0.625123593995685 0.819636300281896
"hsa-mir-676" 4.43908080242264 0.398767412784728 0.246764516696042 1.6159836030069 0.106097858385904 0.363519126741412
"hsa-mir-6761" 3.90907172476299 0.0581259241100572 0.211793104860309 0.274446725488986 0.783741339165409 0.930415058887052
"hsa-mir-6777" 1.20827508361998 0.224469597726204 0.278320352969422 0.806515209295047 0.419945841954693 0.697797029966334
"hsa-mir-6783" 1.74478747056656 0.336951614913798 0.226102009312076 1.49026369088442 0.136154915500032 0.41183491767584
"hsa-mir-6793" 1.14445492761 0.456221527555975 0.22564787979324 2.02182944494763 0.0431939747254628 0.256228335507357
"hsa-mir-6798" 1.30272298422528 0.370952682867519 0.236552240432085 1.56816389559422 0.116842887925033 0.383910881685379
"hsa-mir-6802" 1.19508844756401 0.0789395363757951 0.222199135264678 0.355264822618523 0.722391206276139 0.882762054069441
"hsa-mir-6806" 3.38730810468019 -0.216347865605846 0.171927171201479 -1.25836925073531 0.208258247061942 0.517259304694498
"hsa-mir-6815" 1.10424593601446 -0.201310431675439 0.263131130853447 -0.765057448818401 0.444237336314225 0.713202008378143
"hsa-mir-6820" 1.87166672032058 0.166842261545168 0.197127354688792 0.846367881355503 0.397347550348763 0.687760207544176
"hsa-mir-6837" 4.62380088513685 0.170495300653788 0.135482803883904 1.25842760679714 0.208237153063091 0.517259304694498
"hsa-mir-6842" 12.59349241904 0.152743130725268 0.159603344254065 0.957017106622296 0.33855862071526 0.660892387402632
"hsa-mir-6854" 7.1484907308488 -0.110431009699379 0.155510632118347 -0.710118711467513 0.477630523859542 0.733246859492915
"hsa-mir-6874" 1.15014733584752 -0.0939266544144142 0.222154910910256 -0.422798010764469 0.672442639139749 0.847139077349251
"hsa-mir-6875" 1.172183529012 0.470290812360801 0.231089005709267 2.03510682352614 0.0418401255613635 0.251925646863879
"hsa-mir-6877" 1.24756735255369 0.759272878516192 0.2257626845252 3.3631460403344 0.00077059586239533 0.0364218187250978
"hsa-mir-6892" 8.3850006351214 -0.0840187255996263 0.206364844420291 -0.407136815554253 0.68390750504962 0.853764520168423
"hsa-mir-7-1" 112.570862452679 -0.0847215144709901 0.131776800569053 -0.642916766116161 0.520278109678991 0.758602058993523
"hsa-mir-7-2" 3.71208198524421 0.0449942642785071 0.275728003212141 0.16318351329694 0.870373946692045 0.960775393611777
"hsa-mir-7-3" 2.76293425466948 0.100416383992899 0.272283256404974 0.368793826395066 0.712281406650841 0.872152183293916
"hsa-mir-708" 1323.30608741876 -0.0955434675808709 0.180608736846861 -0.529008005088273 0.5967998967439 0.807937333837091
"hsa-mir-7112" 1.47416927703152 0.626360757764227 0.291736896626059 2.14700562393066 0.0317928338881398 0.23404122295968
"hsa-mir-7156" 2.15738968417651 0.0255499564096566 0.230744880484863 0.11072816157814 0.911831913583739 0.972302441884232
"hsa-mir-744" 191.385083631702 0.0744594761539667 0.133884567106773 0.556146819331201 0.578110490868523 0.797348780859295
"hsa-mir-758" 77.9629768311947 -0.417843543505192 0.225805844371817 -1.85045495464307 0.0642480046824589 0.30558016730324
"hsa-mir-760" 11.4377207268094 0.128399547930393 0.225012711531831 0.570632419192145 0.568248837975016 0.790888473810329
"hsa-mir-7641-1" 2.81156629147093 -0.366687910095388 0.409417832114219 -0.895632484305398 0.37044908034854 0.675654889829726
"hsa-mir-766" 30.060302615595 0.700274743156346 0.130840735831407 5.35211559845304 8.69318323936049e-08 2.65576747962463e-05
"hsa-mir-767" 227.114392034434 0.0525051975666365 0.44381962457034 0.118303010186777 0.905827572366683 0.972302441884232
"hsa-mir-769" 133.38693958444 -0.0754875304329455 0.114764578245689 -0.657759838330438 0.510692464982725 0.752136436762036
"hsa-mir-7702" 8.24113436579 -0.390376575809541 0.278026334774903 -1.40409927759397 0.160289288716371 0.448102475702786
"hsa-mir-7705" 3.72708189567126 0.155643368652004 0.180712742277855 0.861275008558582 0.38908659663486 0.681606762292581
"hsa-mir-7706" 8.93583014926375 -0.122424327091404 0.149036239148155 -0.821439991985465 0.411395691777538 0.693884716417218
"hsa-mir-7854" 2.61737804155834 0.176846804686972 0.193976005711511 0.911694227532373 0.361929703546607 0.670127634456289
"hsa-mir-7974" 1.92576228134232 -0.461401427511896 0.331010633365281 -1.39391723710194 0.163342598455166 0.449401678694963
"hsa-mir-873" 3.41513648813461 0.57015481786717 0.390758401457626 1.45909804047808 0.144538125499175 0.422549256842085
"hsa-mir-874" 101.30176345073 -0.0950924154702863 0.12097331769373 -0.786061069359389 0.431831710435787 0.703597800203376
"hsa-mir-877" 11.1717336166588 0.136481808501252 0.194937227015734 0.700132091702709 0.483844815952588 0.73722988166342
"hsa-mir-885" 1.38165116435259 0.400621739525026 0.325884690704571 1.22933586925753 0.218945904033473 0.524942947572275
"hsa-mir-887" 21.6741567019677 -0.0559893019506129 0.220857826129475 -0.25350834485616 0.799875413475746 0.936252639144982
"hsa-mir-889" 65.2201604786901 -0.483306394254696 0.228566891882463 -2.11450744363811 0.0344719496798325 0.244318723637256
"hsa-mir-891a" 117.517968168051 -1.25664329086255 0.408756745198784 -3.07430594264915 0.00210992937377804 0.0742046059921062
"hsa-mir-891b" 1.92275929672551 -0.991202565457016 0.784113791425365 -1.26410551159316 0.206192158634632 0.517259304694498
"hsa-mir-892a" 2.53056095031402 -1.05340870357978 0.68672098308735 -1.53396900564169 0.125037277990011 0.392845054529868
"hsa-mir-9-1" 6924.84902266051 0.649396341583738 0.289311850393353 2.24462406465829 0.0247922765497366 0.202014285808953
"hsa-mir-9-2" 6930.95046116112 0.650411409208275 0.289630055965746 2.245662685247 0.0247256220073818 0.202014285808953
"hsa-mir-9-3" 6955.12728444963 0.645602234818033 0.290004732297697 2.22617827544726 0.0260022425171061 0.207292591705843
"hsa-mir-92a-1" 22889.8356997157 0.014800905123736 0.12968500850692 0.114129653798389 0.909135015471219 0.972302441884232
"hsa-mir-92a-2" 21266.5775596471 0.0276627452864182 0.129379102352511 0.213811541303227 0.830694024415601 0.948699156855948
"hsa-mir-92b" 406.113311728056 -0.160583806344042 0.138643916279097 -1.15824632377506 0.24676352906525 0.573279529501399
"hsa-mir-93" 27017.8711945517 -0.0207180609608896 0.137920556500842 -0.150217353283106 0.880593135300879 0.964653241750924
"hsa-mir-934" 12.3275449936596 0.177339126766182 0.353915557616827 0.501077511145134 0.616316573314472 0.81685341929532
"hsa-mir-935" 6.8338536595015 -1.15443577247533 0.348984480051045 -3.30798599498313 0.000939695087732689 0.0382769132403115
"hsa-mir-937" 12.8554745900164 0.230842493518014 0.242958092617583 0.950132967504649 0.342044693686701 0.66102269863741
"hsa-mir-939" 4.28545474444431 0.192116382083232 0.165155400823873 1.1632461374249 0.244729652225741 0.572911178198957
"hsa-mir-940" 14.882210346677 0.621101636521823 0.178095027657445 3.48747320288174 0.000487607784221192 0.0297928356159148
"hsa-mir-942" 39.8482834080926 -0.303775947665198 0.137642253912242 -2.20699631857875 0.027314316539264 0.208168986315805
"hsa-mir-944" 535.358762673844 -0.0622460601214948 0.276165539326624 -0.225394016477471 0.821672766057734 0.944209366604353
"hsa-mir-95" 11.7517758587108 -0.647173218222023 0.230080338748675 -2.81281408807797 0.00491100356759674 0.0981767279904189
"hsa-mir-96" 111.047249753497 0.135058068634779 0.182092920005434 0.741698626342794 0.458269952274606 0.715390674664471
"hsa-mir-98" 202.955731997358 0.101223754942273 0.088851377281914 1.13924801211694 0.254599725288963 0.5848136547051
"hsa-mir-99a" 1558.79240235829 0.015808090711004 0.17671730456804 0.0894541185405957 0.928721015440845 0.974413275970431
"hsa-mir-99b" 78570.8362034041 -0.0442762174245112 0.119676105676235 -0.36996706380381 0.711407031197506 0.872152183293916
